structure(c(-163.211935768072, -16.3814879600205, -4.09214004312449, 
-0.466860120652616, -0.165700416722989, -0.0286480736180514, 
-0.00629548119160171, -0.00108571977638383, -0.000210342941511268, 
-23.8879703572643, -6.1894416299944, -0.863017234636108, -0.355163614836357, 
-0.0383041296281572, -0.00766584776754669, -0.00209394618600302, 
-0.000267088970749433, -16.3814879600205, -170.691464155809, 
-42.6392013602191, -4.86458001969154, -1.72656198460137, -0.2985066411974, 
-0.0655975326746683, -0.0113129618434698, -0.00219172729752223, 
13.0731013318625, -64.4926237097074, -8.99245022340233, -3.70072693730878, 
-0.399120626110313, -0.0798764517129368, -0.0218184598086907, 
-0.0027830084710843, -4.09214004312449, -42.6392013602191, -382.085359173607, 
-43.590982641674, -15.4715377680856, -2.67488616945094, -0.587812492873624, 
-0.101374244302365, -0.0196398345170263, 3.26569610639154, 36.0957897175702, 
-80.5803872086998, -33.1618193210503, -3.57647735555431, -0.715764363213811, 
-0.195512890925578, -0.0249382420401341, -0.466860120652616, 
-4.86458001969154, -43.590982641674, -172.064842111423, -61.0701492778925, 
-10.5584654944065, -2.32024749092825, -0.400150284042838, -0.0775234914412978, 
0.372573583058666, 4.11806159246922, 34.4685964367943, -130.898252431027, 
-14.1172784028778, -2.82530651862099, -0.771739798173583, -0.098437672256521, 
-0.165700416722989, -1.72656198460137, -15.4715377680856, -61.0701492778925, 
-527.423339125736, -91.1866346686003, -20.0384762736684, -3.45583908787515, 
-0.669520234359525, 0.13223574951422, 1.46160379046559, 12.2337731169872, 
54.3169689816162, -121.921799045525, -24.4003442997271, -6.66501728613451, 
-0.850142481636, -0.0286480736180514, -0.2985066411974, -2.67488616945094, 
-10.5584654944065, -91.1866346686003, -336.839701261176, -74.0213105484899, 
-12.7657280341898, -2.47318032115779, 0.0228623413383125, 0.252697813426029, 
2.1151065266655, 9.39090291303335, 59.4927786515341, -90.1338723680076, 
-24.6203008457438, -3.14039150403534, -0.00629548119160171, -0.0655975326746683, 
-0.587812492873624, -2.32024749092825, -20.0384762736684, -74.0213105484899, 
-316.448411885991, -54.5747358907774, -10.5730877609145, 0.005024052989051, 
0.0555309356151623, 0.464799606925973, 2.06367288249032, 13.07367727514, 
55.1401168130209, -105.254194089779, -13.4254808239182, -0.00108571977638383, 
-0.0113129618434698, -0.101374244302365, -0.400150284042838, 
-3.45583908787515, -12.7657280341898, -54.5747358907774, -492.935731875462, 
-95.4993712701062, 0.000866449048420582, 0.00957687477152792, 
0.0801594206918071, 0.355901382645021, 2.25468864661448, 9.50947409323925, 
52.6619489238438, -121.26306020297, -0.000210342941511268, -0.00219172729752223, 
-0.0196398345170263, -0.0775234914412978, -0.669520234359525, 
-2.47318032115779, -10.5730877609145, -95.4993712701062, -582.772186449307, 
0.00016786232090332, 0.00185538483662664, 0.0155297607217878, 
0.0689508889327031, 0.436814224477464, 1.84232690285821, 10.2025121797555, 
72.0847455817223, -23.8879703572643, 13.0731013318625, 3.26569610639154, 
0.372573583058666, 0.13223574951422, 0.0228623413383125, 0.005024052989051, 
0.000866449048420582, 0.00016786232090332, -85.1471865656271, 
4.93942905638616, 0.688723258050579, 0.283435176186552, 0.0305682712876756, 
0.0061176618939837, 0.00167105520206056, 0.000213147986785557, 
-6.1894416299944, -64.4926237097074, 36.0957897175702, 4.11806159246922, 
1.46160379046559, 0.252697813426029, 0.0555309356151623, 0.00957687477152792, 
0.00185538483662664, 4.93942905638616, -182.061231325602, 7.61246885389554, 
3.13281339870196, 0.337871576681632, 0.0676186118041542, 0.0184701990678118, 
0.00235592800404082, -0.863017234636108, -8.99245022340233, -80.5803872086998, 
34.4685964367943, 12.2337731169872, 2.1151065266655, 0.464799606925973, 
0.0801594206918071, 0.0155297607217878, 0.688723258050579, 7.61246885389553, 
-246.270079458875, 26.2219683525647, 2.82801963074078, 0.565974692111425, 
0.154597454040002, 0.0197193581936531, -0.355163614836357, -3.70072693730878, 
-33.1618193210503, -130.898252431027, 54.3169689816162, 9.39090291303335, 
2.06367288249032, 0.355901382645021, 0.0689508889327031, 0.283435176186552, 
3.13281339870196, 26.2219683525647, -289.011084643342, 12.5561797732749, 
2.51288212572043, 0.686400265513153, 0.0875523648427615, -0.0383041296281572, 
-0.399120626110313, -3.57647735555431, -14.1172784028778, -121.921799045525, 
59.4927786515341, 13.07367727514, 2.25468864661448, 0.436814224477464, 
0.0305682712876756, 0.337871576681632, 2.82801963074078, 12.5561797732749, 
-260.412296136941, 15.9194852153564, 4.34844864659961, 0.554657364711941, 
-0.00766584776754669, -0.0798764517129368, -0.715764363213811, 
-2.82530651862099, -24.4003442997271, -90.1338723680076, 55.1401168130209, 
9.50947409323925, 1.84232690285821, 0.0061176618939837, 0.0676186118041543, 
0.565974692111426, 2.51288212572043, 15.9194852153564, -299.732867430191, 
18.3402084419556, 2.3393473188737, -0.00209394618600302, -0.0218184598086907, 
-0.195512890925578, -0.771739798173583, -6.66501728613451, -24.6203008457438, 
-105.254194089779, 52.6619489238438, 10.2025121797555, 0.00167105520206056, 
0.0184701990678118, 0.154597454040003, 0.686400265513153, 4.34844864659961, 
18.3402084419556, -196.63486956531, 12.9549318725462, -0.000267088970749433, 
-0.0027830084710843, -0.0249382420401341, -0.098437672256521, 
-0.850142481636, -3.14039150403534, -13.4254808239182, -121.26306020297, 
72.0847455817223, 0.000213147986785557, 0.00235592800404082, 
0.019719358193653, 0.0875523648427615, 0.554657364711941, 2.3393473188737, 
12.9549318725462, -243.689936694344), .Dim = c(17L, 17L))
